%YAML:1.0
---
camera_matrix: !!opencv-matrix
   rows: 3
   cols: 3
   dt: d
   data: [ 8.2960749392424862e+02, 0., 3.7831865895303110e+02, 0.,
       8.3019253374108337e+02, 2.3778496372431900e+02, 0., 0., 1. ]
dist_coeff: !!opencv-matrix
   rows: 1
   cols: 5
   dt: d
   data: [ 4.8216565523211069e-01, -4.8116043500215140e+00,
       -7.5807369763121650e-03, 4.1515409134990022e-02,
       2.0632487644393589e+01 ]
