%YAML:1.0
---
curr_loc: !!opencv-matrix
   rows: 3
   cols: 1
   dt: i
   data: [ 0, 0, 0 ]
35118640e+01, -2.0240038909401672e+01,
       2.9440576122367379e+01 ]
