%YAML:1.0
---
camera_matrix: !!opencv-matrix
   rows: 3
   cols: 3
   dt: d
   data: [ 2.0655925056231376e+02, 0., 1.3382635928717875e+03, 0.,
       3.7919071057693230e+02, 1.1019699039928184e+03, 0., 0., 1. ]
dist_coeff: !!opencv-matrix
   rows: 1
   cols: 5
   dt: d
   data: [ 2.2909771516748656e-01, 1.3457257701224712e-02,
       -9.5155351354351769e-02, 3.5411746401995997e-01,
       -9.5002828785103370e-04 ]
