%YAML:1.0
---
camera_matrix: !!opencv-matrix
   rows: 3
   cols: 3
   dt: d
   data: [ 1.8652680020515754e+03, 0., 1.3154602652302683e+03, 0.,
       1.8733289088674221e+03, 9.6996039483163213e+02, 0., 0., 1. ]
dist_coeff: !!opencv-matrix
   rows: 1
   cols: 5
   dt: d
   data: [ 7.2249686014284539e-02, -4.0952912993091090e-01,
       1.1277682811333476e-03, -3.3992438202111266e-03,
       1.3809741173097307e+00 ]
