%YAML:1.0
---
camera_matrix: !!opencv-matrix
   rows: 3
   cols: 3
   dt: d
   data: [ 1.8514388878185184e+03, 0., 1.3118618828420583e+03, 0.,
       1.8364577391233520e+03, 9.7122745668514608e+02, 0., 0., 1. ]
dist_coeff: !!opencv-matrix
   rows: 1
   cols: 5
   dt: d
   data: [ 1.1594401894403684e-01, -1.1143511213875021e+00,
       2.8294975433740105e-03, -2.7861137611713714e-03,
       4.3074468601342533e+00 ]
